dat <- structure(list(SitePondGpsRep = c("BURR-1-1-1", "BURR-1-1-1", 
                                         "BURR-1-1-1", "BURR-1-1-1", "BURR-1-1-1", "BURR-1-1-1", "BURR-1-1-1", 
                                         "BURR-1-1-1", "BURR-1-1-1", "BURR-1-1-1", "BURR-1-1-1", "BURR-1-1-1", 
                                         "BURR-1-1-1", "BURR-1-1-1", "BURR-1-1-1", "BURR-1-1-1", "BURR-1-1-1", 
                                         "BURR-1-1-1", "BURR-1-1-1", "BURR-1-1-1", "BURR-1-1-1", "BURR-1-1-1", 
                                         "BURR-1-1-1", "BURR-1-1-1", "BURR-1-1-1", "BURR-1-1-1", "BURR-1-1-1", 
                                         "BURR-1-1-1", "BURR-1-1-1", "BURR-1-1-1", "BURR-1-1-1", "BURR-1-1-1", 
                                         "BURR-1-1-1", "BURR-1-1-1", "BURR-1-1-1", "BURR-1-1-1", "BURR-1-1-1", 
                                         "BURR-1-1-1", "BURR-1-1-1", "BURR-1-1-1", "BURR-1-1-1", "BURR-1-1-1", 
                                         "BURR-1-1-1", "BURR-1-1-1", "BURR-1-1-1", "BURR-1-1-1", "BURR-1-1-1", 
                                         "BURR-1-1-1", "BURR-1-1-1", "BURR-1-1-1", "BURR-1-1-1", "BURR-1-1-1", 
                                         "BURR-1-1-1", "BURR-1-1-1", "BURR-1-1-1", "BURR-1-1-1", "BURR-1-1-1", 
                                         "BURR-1-1-1", "BURR-1-1-1", "BURR-1-1-1", "BURR-1-1-1", "BURR-1-1-1", 
                                         "BURR-1-1-1", "BURR-1-1-1", "BURR-1-3-1", "BURR-1-3-1", "BURR-1-3-1", 
                                         "BURR-1-3-1", "BURR-1-3-1", "BURR-1-3-1", "BURR-1-3-1", "BURR-1-3-1", 
                                         "BURR-1-3-1", "BURR-1-3-1", "BURR-1-3-1", "BURR-1-3-1", "BURR-1-3-1", 
                                         "BURR-1-3-1", "BURR-1-3-1", "BURR-1-3-1", "BURR-1-3-1", "BURR-1-3-1", 
                                         "BURR-1-3-1", "BURR-1-3-1", "BURR-1-3-1", "BURR-1-3-1", "BURR-1-3-1", 
                                         "BURR-1-3-1", "BURR-1-3-1", "BURR-1-3-1", "BURR-1-3-1", "BURR-1-3-1", 
                                         "BURR-1-3-1", "BURR-1-3-1", "BURR-1-3-1", "BURR-1-3-1", "BURR-1-3-1", 
                                         "BURR-1-3-1", "BURR-1-3-1", "BURR-1-3-1", "BURR-1-3-1", "BURR-1-3-1", 
                                         "BURR-1-3-1", "BURR-1-3-1", "BURR-1-3-1", "BURR-1-3-1", "BURR-1-3-1", 
                                         "BURR-1-3-1", "BURR-1-3-1", "BURR-1-3-1", "BURR-1-3-1", "BURR-1-3-1", 
                                         "BURR-1-3-1", "BURR-1-3-1", "BURR-1-3-1", "BURR-1-3-1", "BURR-1-3-1", 
                                         "BURR-1-3-1", "BURR-1-3-1", "BURR-1-3-1", "BURR-1-4-1", "BURR-1-4-1", 
                                         "BURR-1-4-1", "BURR-1-4-1", "BURR-1-4-1", "BURR-1-4-1", "BURR-1-4-1", 
                                         "BURR-1-4-1", "BURR-1-4-1", "BURR-1-4-1", "BURR-1-4-1", "BURR-1-4-1", 
                                         "BURR-1-4-1", "BURR-1-4-1", "BURR-1-4-1", "BURR-1-4-1", "BURR-1-4-1", 
                                         "BURR-1-4-1", "BURR-1-4-1", "BURR-1-4-1", "BURR-1-4-1", "BURR-1-4-1", 
                                         "BURR-1-4-1", "BURR-1-4-1", "BURR-1-4-1", "BURR-1-4-1", "BURR-1-4-1", 
                                         "BURR-1-4-1", "BURR-1-4-1", "BURR-1-4-1", "BURR-1-4-1", "BURR-1-4-1", 
                                         "BURR-1-4-1", "BURR-1-4-1", "BURR-1-4-1", "BURR-1-4-1", "BURR-1-4-1", 
                                         "BURR-1-4-1", "BURR-1-4-1", "BURR-1-4-1", "BURR-1-4-1", "BURR-1-4-1", 
                                         "BURR-1-4-1", "BURR-1-4-1", "BURR-1-4-1", "BURR-1-4-1", "BURR-1-4-1", 
                                         "BURR-1-4-1", "BURR-1-4-1", "BURR-1-4-1", "BURR-1-4-1", "BURR-1-4-1", 
                                         "BURR-1-4-1", "BURR-1-4-1", "BURR-1-4-1", "BURR-1-4-1", "BURR-1-4-1"
), DateTime_local = c("2018-05-30 10:49:04", "2018-05-30 10:49:05", 
                      "2018-05-30 10:49:06", "2018-05-30 10:49:07", "2018-05-30 10:49:08", 
                      "2018-05-30 10:49:09", "2018-05-30 10:49:10", "2018-05-30 10:49:27", 
                      "2018-05-30 10:49:28", "2018-05-30 10:49:29", "2018-05-30 10:49:30", 
                      "2018-05-30 10:49:31", "2018-05-30 10:49:32", "2018-05-30 10:49:33", 
                      "2018-05-30 10:49:34", "2018-05-30 10:49:35", "2018-05-30 10:49:36", 
                      "2018-05-30 10:49:37", "2018-05-30 10:49:38", "2018-05-30 10:49:39", 
                      "2018-05-30 10:49:40", "2018-05-30 10:49:41", "2018-05-30 10:49:42", 
                      "2018-05-30 10:49:43", "2018-05-30 10:49:44", "2018-05-30 10:49:45", 
                      "2018-05-30 10:49:46", "2018-05-30 10:49:47", "2018-05-30 10:49:48", 
                      "2018-05-30 10:49:49", "2018-05-30 10:49:50", "2018-05-30 10:49:51", 
                      "2018-05-30 10:49:52", "2018-05-30 10:49:54", "2018-05-30 10:49:55", 
                      "2018-05-30 10:49:56", "2018-05-30 10:49:57", "2018-05-30 10:49:58", 
                      "2018-05-30 10:50:01", "2018-05-30 10:50:02", "2018-05-30 10:50:03", 
                      "2018-05-30 10:50:04", "2018-05-30 10:50:05", "2018-05-30 10:50:06", 
                      "2018-05-30 10:50:07", "2018-05-30 10:50:09", "2018-05-30 10:50:10", 
                      "2018-05-30 10:50:11", "2018-05-30 10:50:12", "2018-05-30 10:50:13", 
                      "2018-05-30 10:50:14", "2018-05-30 10:50:15", "2018-05-30 10:50:16", 
                      "2018-05-30 10:50:17", "2018-05-30 10:50:18", "2018-05-30 10:50:20", 
                      "2018-05-30 10:50:24", "2018-05-30 10:50:27", "2018-05-30 10:50:36", 
                      "2018-05-30 10:50:41", "2018-05-30 10:50:42", "2018-05-30 10:50:43", 
                      "2018-05-30 10:50:44", "2018-05-30 10:50:45", "2018-05-30 10:49:05", 
                      "2018-05-30 10:49:06", "2018-05-30 10:49:07", "2018-05-30 10:49:08", 
                      "2018-05-30 10:49:09", "2018-05-30 10:49:10", "2018-05-30 10:49:11", 
                      "2018-05-30 10:49:12", "2018-05-30 10:49:13", "2018-05-30 10:49:19", 
                      "2018-05-30 10:49:31", "2018-05-30 10:49:32", "2018-05-30 10:49:33", 
                      "2018-05-30 10:49:34", "2018-05-30 10:49:35", "2018-05-30 10:49:36", 
                      "2018-05-30 10:49:37", "2018-05-30 10:49:38", "2018-05-30 10:49:39", 
                      "2018-05-30 10:49:40", "2018-05-30 10:49:41", "2018-05-30 10:49:42", 
                      "2018-05-30 10:49:43", "2018-05-30 10:49:44", "2018-05-30 10:49:45", 
                      "2018-05-30 10:49:46", "2018-05-30 10:49:47", "2018-05-30 10:49:48", 
                      "2018-05-30 10:49:49", "2018-05-30 10:49:50", "2018-05-30 10:49:51", 
                      "2018-05-30 10:49:52", "2018-05-30 10:49:53", "2018-05-30 10:49:54", 
                      "2018-05-30 10:49:55", "2018-05-30 10:49:56", "2018-05-30 10:49:57", 
                      "2018-05-30 10:49:58", "2018-05-30 10:49:59", "2018-05-30 10:50:00", 
                      "2018-05-30 10:50:01", "2018-05-30 10:50:02", "2018-05-30 10:50:03", 
                      "2018-05-30 10:50:04", "2018-05-30 10:50:05", "2018-05-30 10:50:06", 
                      "2018-05-30 10:50:07", "2018-05-30 10:50:10", "2018-05-30 10:50:11", 
                      "2018-05-30 10:50:12", "2018-05-30 10:50:13", "2018-05-30 10:50:14", 
                      "2018-05-30 10:50:15", "2018-05-30 10:50:16", "2018-05-30 10:50:37", 
                      "2018-05-30 10:50:44", "2018-05-30 10:49:05", "2018-05-30 10:49:06", 
                      "2018-05-30 10:49:07", "2018-05-30 10:49:08", "2018-05-30 10:49:09", 
                      "2018-05-30 10:49:10", "2018-05-30 10:49:11", "2018-05-30 10:49:12", 
